# Kirby Air Ride - Forest Stage

song_size: .word 211

song_notes:
.byte 52, 54, 56, 63, 52, 61, 59, 57, 56, 54, 56, 57, 56, 57, 56, 52, 57, 52, 59, 52, 54, 56, 63, 52, 61, 59, 57, 56, 54, 56, 56, 56, 56, 54, 52, 51, 52, 52, 52, 54, 56, 63, 52, 61, 59, 57, 56, 54, 56, 57, 56, 57, 56, 52, 57, 52, 59, 56, 57, 59, 52, 63, 52, 61, 59, 57, 56, 54, 56, 56, 56, 56, 54, 52, 51, 52, 52, 56, 57, 58, 60, 52, 58, 57, 56, 63, 63, 64, 65, 52, 64, 52, 63, 52, 60, 52, 63, 56, 57, 58, 60, 52, 58, 57, 56, 51, 52, 57, 56, 52, 51, 51, 48, 49, 51, 52, 44, 52, 54, 56, 52, 57, 52, 59, 52, 57, 52, 56, 52, 52, 52, 53, 56, 57, 52, 59, 52, 60, 48, 52, 54, 56, 52, 57, 52, 59, 52, 57, 52, 56, 52, 52, 52, 53, 52, 53, 56, 57, 52, 59, 52, 60, 52, 53, 53, 48, 52, 56, 57, 59, 52, 60, 52, 63, 52, 60, 52, 59, 52, 56, 52, 57, 59, 57, 59, 60, 52, 63, 52, 64, 57, 52, 52, 52, 59, 60, 63, 52, 64, 52, 65, 64, 63, 52, 60, 52, 59, 66, 52, 54, 52, 59

song_duration:
.byte 220, 110, 110, 110, 110, 220, 220, 220, 220, 220, 110, 110, 110, 110, 110, 110, 110, 110, 882, 220, 110, 110, 110, 110, 220, 220, 220, 220, 220, 110, 110, 110, 110, 110, 110, 110, 110, 882, 220, 110, 110, 110, 110, 220, 220, 220, 220, 220, 110, 110, 110, 110, 110, 110, 110, 110, 882, 110, 110, 110, 110, 110, 110, 220, 220, 220, 220, 220, 110, 110, 110, 110, 110, 110, 110, 110, 882, 220, 110, 110, 110, 110, 220, 220, 220, 220, 110, 110, 110, 110, 110, 110, 110, 110, 110, 110, 882, 220, 110, 110, 110, 110, 220, 220, 220, 110, 110, 220, 110, 110, 110, 110, 110, 110, 110, 110, 882, 330, 110, 110, 110, 110, 110, 110, 110, 110, 110, 110, 110, 110, 110, 330, 110, 110, 110, 110, 110, 441, 441, 330, 110, 110, 110, 110, 110, 110, 110, 110, 110, 110, 110, 110, 110, 110, 110, 110, 110, 110, 110, 110, 110, 110, 110, 110, 110, 220, 220, 330, 110, 110, 110, 110, 110, 110, 110, 110, 110, 110, 110, 110, 110, 110, 110, 110, 110, 110, 110, 110, 110, 220, 110, 110, 110, 330, 330, 110, 110, 110, 110, 110, 220, 220, 110, 110, 110, 110, 441, 110, 110, 110, 110, 882


